RIBOSUM

	A	C	G	U
A	2.12
C	-1.58	1.03
G	-1.20	-2.24	0.97
U	-1.08	-0.86	-1.52	1.54


	AA	AC	AG	AU	CA	CC	CG	CU	GA	GC	GG	GU	UA	UC	UG	UU
AA	-2.46
AC	-7.80	-1.67
AG	-7.81	-10.20	-2.09
AU	-4.25	-1.96	-5.44	4.31
CA	-8.15	-9.90	-9.85	-4.97	-2.59
CC	-11.96	-8.12	-12.22	-5.58	-9.86	-3.36
CG	-4.05	-5.08	-4.66	1.86	-2.95	-4.53	5.37
CU	-10.53	-8.40	-9.94	-4.39	-7.32	-5.05	-4.38	-1.03
GA	-6.63	-10.13	-8.26	-5.31	-6.76	-12.30	-4.66	-8.91	-1.28
GC	-4.71	-3.31	-4.85	2.79	-5.09	-3.25	2.43	-4.95	-3.96	5.67
GG	-8.11	-9.94	-5.63	-5.04	-9.26	-12.00	-4.74	-11.37	-6.16	-3.46	-1.99
GU	-5.54	-4.27	-6.46	0.72	-6.75	-7.13	-0.14	-4.73	-6.04	1.44	-5.87	3.30
UA	-3.67	-4.96	-5.81	1.62	-2.57	-5.91	2.90	-4.67	-4.96	1.78	-5.67	-0.60	4.74
UC	-9.57	-8.44	-9.31	-4.31	-8.36	-6.85	-5.02	-4.18	-7.77	-3.92	-10.42	-4.71	-3.65	-3.00
UG	-5.93	-6.70	-5.88	-0.58	-4.77	-7.71	1.39	-6.80	-6.90	-0.03	-4.95	-2.11	0.99	-5.70	3.19
UU	-8.30	-6.67	-9.68	-2.72	-7.63	-5.28	-3.42	-4.37	-9.34	-3.54	-9.83	-4.24	-3.31	-6.23	-3.55	-0.52


BASE FREQUENCIES
2.59898e-01 2.19573e-01 2.96215e-01 2.24314e-01 

BASE NONSTRUCTURAL FREQUENCIES
3.58145e-01 1.64409e-01 2.46656e-01 2.30790e-01 

BASE PAIR FREQUENCIES
2.24798e-03 2.70567e-03 2.74318e-03 1.32541e-01 
2.17808e-03 1.05975e-03 2.56696e-01 2.41352e-03 
3.89249e-03 2.83519e-01 3.46465e-03 7.06252e-02 
1.57960e-01 1.42332e-03 7.25112e-02 4.01887e-03 


BASE MATCH FREQUENCIES
2.93840e-01 1.90832e-02 3.35470e-02 2.75087e-02 1.90832e-02 9.83823e-02 1.37746e-02 2.71170e-02 3.35470e-02 1.37746e-02 1.72418e-01 2.32439e-02 2.75087e-02 2.71170e-02 2.32439e-02 1.46811e-01 

BASE PAIR MATCH FREQUENCIES
8.28452e-04 1.72698e-05 2.31344e-05 2.06541e-04 1.36071e-05 8.17826e-07 2.65337e-04 2.25058e-06 5.24793e-05 1.67962e-04 2.14133e-05 9.66531e-05 3.09502e-04 4.38901e-06 7.36275e-05 1.07912e-05 
1.72698e-05 1.02436e-03 3.74329e-06 8.56760e-04 3.39830e-06 9.86144e-06 1.10038e-04 8.32590e-06 3.92224e-06 3.74301e-04 5.10729e-06 1.97148e-04 1.06573e-04 8.09220e-06 3.65296e-05 2.82581e-05 
2.31344e-05 3.74329e-06 1.38757e-03 1.03401e-04 4.76791e-06 7.75319e-07 1.98672e-04 3.86614e-06 1.93089e-05 1.73242e-04 1.35952e-04 5.79430e-05 7.97651e-05 5.99183e-06 8.65608e-05 4.71867e-06 
2.06541e-04 8.56760e-04 1.03401e-04 6.73029e-02 1.06016e-04 5.88720e-05 1.37362e-02 1.36525e-04 1.13522e-04 2.62872e-02 1.55667e-04 6.36674e-03 1.04348e-02 1.44803e-04 2.58871e-03 4.43849e-04 
1.36071e-05 3.39830e-06 4.76791e-06 1.06016e-04 5.42621e-04 2.96839e-06 4.80419e-04 1.75762e-05 4.05782e-05 1.08935e-04 8.18111e-06 3.53295e-05 5.58584e-04 8.57738e-06 1.39089e-04 1.44534e-05 
8.17826e-07 9.86144e-06 7.75319e-07 5.88720e-05 2.96839e-06 2.26215e-04 1.35708e-04 7.16091e-05 7.35558e-07 3.30078e-04 1.03307e-06 2.28952e-05 4.66540e-05 2.05333e-05 1.52537e-05 6.22347e-05 
2.65337e-04 1.10038e-04 1.98672e-04 1.37362e-02 4.80419e-04 1.35708e-04 1.75024e-01 1.53845e-04 1.97790e-04 2.27541e-02 2.13822e-04 3.92711e-03 2.82265e-02 9.87386e-05 1.12941e-02 3.05140e-04 
2.25058e-06 8.32590e-06 3.86614e-06 1.36525e-04 1.75762e-05 7.16091e-05 1.53845e-04 1.18925e-03 7.89712e-06 1.03961e-04 1.63601e-06 1.23597e-04 1.12933e-04 1.34108e-04 2.93985e-05 1.19699e-04 
5.24793e-05 3.92224e-06 1.93089e-05 1.13522e-04 4.05782e-05 7.35558e-07 1.97790e-04 7.89712e-06 2.44090e-03 3.21600e-04 9.45721e-05 7.78373e-05 1.44153e-04 1.74094e-05 4.29800e-05 5.97695e-06 
1.67962e-04 3.74301e-04 1.73242e-04 2.62872e-02 1.08935e-04 3.30078e-04 2.27541e-02 1.03961e-04 3.21600e-04 2.14924e-01 5.17616e-04 1.17471e-02 1.30456e-02 2.11100e-04 4.24617e-03 2.82092e-04 
2.14133e-05 5.10729e-06 1.35952e-04 1.55667e-04 8.18111e-06 1.03307e-06 2.13822e-04 1.63601e-06 9.45721e-05 5.17616e-04 1.93979e-03 9.94083e-05 1.00711e-04 3.15297e-06 1.89105e-04 4.83491e-06 
9.66531e-05 1.97148e-04 5.79430e-05 6.36674e-03 3.53295e-05 2.28952e-05 3.92711e-03 1.23597e-04 7.78373e-05 1.17471e-02 9.94083e-05 4.36194e-02 2.56120e-03 1.24860e-04 1.02600e-03 1.76642e-04 
3.09502e-04 1.06573e-04 7.97651e-05 1.04348e-02 5.58584e-04 4.66540e-05 2.82265e-02 1.12933e-04 1.44153e-04 1.30456e-02 1.00711e-04 2.56120e-03 9.10662e-02 2.28835e-04 7.66873e-03 2.96304e-04 
4.38901e-06 8.09220e-06 5.99183e-06 1.44803e-04 8.57738e-06 2.05333e-05 9.87386e-05 1.34108e-04 1.74094e-05 2.11100e-04 3.15297e-06 1.24860e-04 2.28835e-04 3.02477e-04 6.30543e-05 3.29754e-05 
7.36275e-05 3.65296e-05 8.65608e-05 2.58871e-03 1.39089e-04 1.52537e-05 1.12941e-02 2.93985e-05 4.29800e-05 4.24617e-03 1.89105e-04 1.02600e-03 7.66873e-03 6.30543e-05 4.03965e-02 2.84928e-04 
1.07912e-05 2.82581e-05 4.71867e-06 4.43849e-04 1.44534e-05 6.22347e-05 3.05140e-04 1.19699e-04 5.97695e-06 2.82092e-04 4.83491e-06 1.76642e-04 2.96304e-04 3.29754e-05 2.84928e-04 1.77140e-03 

