0.000000  0.479462  0.485592  0.409501  0.408324  0.397671  0.416773  0.376807  0.384182  0.406119  
0.479462  0.000000  0.486611  0.401441  0.408341  0.396880  0.417470  0.390610  0.398400  0.408529  
0.485592  0.486611  0.000000  0.415511  0.412955  0.393847  0.417198  0.392705  0.383371  0.407297  
0.409501  0.401441  0.415511  0.000000  0.437168  0.380010  0.420571  0.368858  0.393344  0.449623  
0.408324  0.408341  0.412955  0.437168  0.000000  0.385479  0.417419  0.362370  0.407619  0.424780  
0.397671  0.396880  0.393847  0.380010  0.385479  0.000000  0.380398  0.383881  0.391907  0.369319  
0.416773  0.417470  0.417198  0.420571  0.417419  0.380398  0.000000  0.339918  0.399566  0.449067  
0.376807  0.390610  0.392705  0.368858  0.362370  0.383881  0.339918  0.000000  0.352470  0.356372  
0.384182  0.398400  0.383371  0.393344  0.407619  0.391907  0.399566  0.352470  0.000000  0.413478  
0.406119  0.408529  0.407297  0.449623  0.424780  0.369319  0.449067  0.356372  0.413478  0.000000  
